[LEFT_CAM_2K]
fx=1404.73
fy=1405.26
cx=1090.39
cy=577.497
k1=-0.173973
k2=0.027374
k3=0
p1=-9.42977e-05
p2=-0.000113817

[RIGHT_CAM_2K]
fx=1404.25
fy=1403.96
cx=1114.75
cy=587.147
k1=-0.174906
k2=0.0277958
k3=0
p1=5.90881e-05
p2=3.80387e-05

[LEFT_CAM_FHD]
fx=1404.73
fy=1405.26
cx=946.39
cy=496.497
k1=-0.173973
k2=0.027374
k3=0
p1=-9.42977e-05
p2=-0.000113817

[RIGHT_CAM_FHD]
fx=1404.25
fy=1403.96
cx=970.75
cy=506.147
k1=-0.174906
k2=0.0277958
k3=0
p1=5.90881e-05
p2=3.80387e-05

[LEFT_CAM_HD]
fx=702.365
fy=702.63
cx=631.695
cy=336.7485
k1=-0.173973
k2=0.027374
k3=0
p1=-9.42977e-05
p2=-0.000113817

[RIGHT_CAM_HD]
fx=702.125
fy=701.98
cx=643.875
cy=341.5735
k1=-0.174906
k2=0.0277958
k3=0
p1=5.90881e-05
p2=3.80387e-05

[LEFT_CAM_VGA]
fx=351.1825
fy=351.315
cx=331.3475
cy=175.87425
k1=-0.173973
k2=0.027374
k3=0
p1=-9.42977e-05
p2=-0.000113817

[RIGHT_CAM_VGA]
fx=351.0625
fy=350.99
cx=337.4375
cy=178.28675
k1=-0.174906
k2=0.0277958
k3=0
p1=5.90881e-05
p2=3.80387e-05

[STEREO]
Baseline=62.8912
TY=0.0897245
TZ=-0.108557
CV_2K=0.00398995
CV_FHD=0.00398995
CV_HD=0.00398995
CV_VGA=0.00398995
RX_2K=-0.00411973
RX_FHD=-0.00411973
RX_HD=-0.00411973
RX_VGA=-0.00411973
RZ_2K=0.00022434
RZ_FHD=0.00022434
RZ_HD=0.00022434
RZ_VGA=0.00022434

